(count-change 11)

                                                (11 5)
                                         (11 4)       (-39 5)
                              (11 3)            (-14 4)
              (11 2)                                    (1 3)
     (11 1)                (6 2)                    (1 2)   (-9 3)
(11 0) (10 1)        (6 1)       (1 2)           (1 1) (-4 2)
   (10 0) (9 1)    (6 0) (5 1)   (1 1) (-4 2)  (1 0) *(0 1)*
      (9 0) (8 1)    (5 0) (4 1)  (1 0) *(0 1)
        (8 0) (7 1)    (4 0) (3 1)
          (7 0) (6 1)    (3 0) (2 1)
            (6 0) (5 1)    (2 0) (1 1)
              (5 0) (4 1)    (1 0) *(0 1)*
                (4 0) (3 1)
                  (3 0) (2 1)
                    (2 0) (1 1)
                      (1 0) *(0 1)*


(prettier diagram http://telegraphics.com.au/~toby/sicp/ex1-14.svg)
